{"name":"lapSplit4","class":"BeamNGTrigger","persistentId":"083e189f-e4d8-472b-a36b-758975c34d07","__parent":"SimGroup_","position":[-1272.92468,-60.385067,349.097443],"luaFunction":"onBeamNGTrigger","rotationMatrix":[0.995037794,-0.0994966701,-0.000507346995,0.0994964316,0.995037794,-0.000468439859,0.000551437668,0.000415636139,0.999999762],"scale":[2,20,6],"track":"long","triggerColor":[255,255,0,10],"zone":"0"}
{"name":"lapSplit7","class":"BeamNGTrigger","persistentId":"10bc7272-a42f-4a32-871e-42c6adcc2652","__parent":"SimGroup_","position":[-1127.0072,126.69487,289.543793],"luaFunction":"onBeamNGTrigger","rotationMatrix":[0.0968133211,0.995302558,8.73114914e-11,-0.99530232,0.0968133211,-0.00069053378,-0.000687289983,6.68527791e-05,0.999999762],"scale":[2,23.0894032,6],"track":"long alt","triggerColor":[255,255,0,10],"zone":"0"}
{"name":"lapSplit15","class":"BeamNGTrigger","persistentId":"2179b524-a723-4b18-8769-43858ce22364","__parent":"SimGroup_","position":[843.183899,457.745728,181.842636],"luaFunction":"onBeamNGTrigger","rotationMatrix":[-0.470659852,-0.882027388,0.0225130953,0.880986929,-0.471197844,-0.0428316072,0.0483867787,-0.000325376168,0.99882865],"scale":[2,23.0894032,6],"track":"long alt","triggerColor":[255,255,0,10],"zone":"0"}
{"name":"lapSplit2","class":"BeamNGTrigger","persistentId":"357a97c5-f3f0-43a1-bb61-818e2a3de743","__parent":"SimGroup_","position":[-354.022095,-42.4237747,275.035767],"luaFunction":"onBeamNGTrigger","rotationMatrix":[-0.205100894,-0.978693426,-0.00962862745,0.97747463,-0.205325842,0.0488323197,-0.04976888,0.000603815541,0.998760581],"scale":[2,28.2612953,6],"track":"long alt","triggerColor":[255,255,0,10],"zone":"0"}
{"name":"lapSplit17","class":"BeamNGTrigger","persistentId":"53187e07-c451-4c3f-9f87-893d86794730","__parent":"SimGroup_","position":[654.484009,422.575836,175.207138],"luaFunction":"onBeamNGTrigger","rotationMatrix":[-0.701026678,-0.712779701,0.0225130916,0.71162945,-0.701248169,-0.0428316146,0.0463167652,-0.0140051227,0.99882865],"scale":[2,23.0894032,6],"track":"long alt","triggerColor":[255,255,0,10],"zone":"0"}
{"name":"lapSplit9","class":"BeamNGTrigger","persistentId":"57007b8d-8bd5-4808-992c-79f5dcb5030d","__parent":"SimGroup_","position":[291.707825,-582.472168,348.567322],"luaFunction":"onBeamNGTrigger","rotationMatrix":[0.924101293,0.382147551,1.01863407e-10,-0.382147431,0.924101114,-0.000690533547,-0.000263885828,0.000638122903,0.999999762],"scale":[2,23.0894032,6],"track":"long alt","triggerColor":[255,255,0,10],"zone":"0"}
{"name":"lapSplit11","class":"BeamNGTrigger","persistentId":"98af421b-3bed-4284-96df-26cef29d9c21","__parent":"SimGroup_","position":[1143.61157,276.023987,251.838531],"luaFunction":"onBeamNGTrigger","rotationMatrix":[-0.470659852,-0.882027388,0.0225130953,0.880986929,-0.471197844,-0.0428316072,0.0483867787,-0.000325376168,0.99882865],"scale":[2,23.0894032,6],"track":"long alt","triggerColor":[255,255,0,10],"zone":"0"}
{"name":"lapSplit16","class":"BeamNGTrigger","persistentId":"a7dc4f7f-c179-4fd0-94af-ffdf8e764121","__parent":"SimGroup_","position":[788.438721,383.698486,179.822647],"luaFunction":"onBeamNGTrigger","rotationMatrix":[-0.965223074,0.260457516,0.0225130934,-0.261215568,-0.964329958,-0.0428316146,0.0105542298,-0.0472228229,0.99882865],"scale":[2,23.0894032,6],"track":"long alt","triggerColor":[255,255,0,10],"zone":"0"}
{"name":"lapSplit6","class":"BeamNGTrigger","persistentId":"b4332c7a-a698-48f5-894f-b86c8b3557e9","__parent":"SimGroup_","position":[-1146.16016,471.868011,328.694336],"luaFunction":"onBeamNGTrigger","rotationMatrix":[0.326898813,0.94505924,-0.000451487664,-0.94505924,0.326898575,-0.000522489776,-0.000346193148,0.000597483944,0.999999762],"scale":[2,30,6],"track":"long short alt","triggerColor":[255,255,0,10],"zone":"0"}
{"name":"lapSplit3","class":"BeamNGTrigger","persistentId":"b96544ea-0def-4064-8538-7f7972220438","__parent":"SimGroup_","position":[-929.918579,-493.407898,335.668823],"luaFunction":"onBeamNGTrigger","rotationMatrix":[-0.819378734,-0.57325232,0.00065974053,0.57325232,-0.819378972,-0.000203910706,0.000657469733,0.000211117716,0.999999762],"scale":[2,28.2612953,6],"track":"long alt","triggerColor":[255,255,0,10],"zone":"0"}
{"name":"lapSplit12","class":"BeamNGTrigger","persistentId":"bd77885a-2aab-40ed-a389-f8f86baaca4a","__parent":"SimGroup_","position":[1436.62683,835.477966,209.229385],"luaFunction":"onBeamNGTrigger","rotationMatrix":[-0.470659852,-0.882027388,0.0225130953,0.880986929,-0.471197844,-0.0428316072,0.0483867787,-0.000325376168,0.99882865],"scale":[2,23.0894032,6],"track":"long alt","triggerColor":[255,255,0,10],"zone":"0"}
{"name":"lapSplit5","class":"BeamNGTrigger","persistentId":"c3319866-4ad5-4c30-8eb2-034c8067680d","__parent":"SimGroup_","position":[-1437.74329,-235.77507,290.7966],"luaFunction":"onBeamNGTrigger","rotationMatrix":[0.825522065,0.564369678,0.000364744425,-0.56436944,0.825522125,-0.000586343231,-0.000632018899,0.000278188672,0.999999762],"scale":[20.8630047,2,6],"track":"long","triggerColor":[255,255,0,10],"zone":"0"}
{"name":"lapSplit10","class":"BeamNGTrigger","persistentId":"c787edc3-914a-4020-badb-a2aea6e5fb25","__parent":"SimGroup_","position":[1207.5658,134.059158,257.367035],"luaFunction":"onBeamNGTrigger","rotationMatrix":[0.374323368,-0.927298188,1.45519152e-10,0.92729795,0.374323249,-0.00069053343,0.000640330371,0.000258482876,0.999999762],"scale":[2,23.0894032,6],"track":"long alt","triggerColor":[255,255,0,10],"zone":"0"}
{"name":"startStop","class":"BeamNGTrigger","persistentId":"cdc30d68-80cb-4063-91a9-d61d2f848dc0","__parent":"SimGroup_","position":[628.712097,401.515717,171.685638],"luaFunction":"onBeamNGTrigger","rotationMatrix":[0.619841099,0.784727275,5.82076609e-11,-0.784727037,0.61984098,-0.000690533663,-0.000541880669,0.000428021071,0.999999762],"scale":[2,40.0360413,6],"track":"long short alt","triggerColor":[0,255,0,10],"zone":"0"}
{"name":"lapSplit14","class":"BeamNGTrigger","persistentId":"e2be768c-f2ff-422e-92f0-d34895f20a09","__parent":"SimGroup_","position":[1253.60754,607.441223,202.746201],"luaFunction":"onBeamNGTrigger","rotationMatrix":[-0.470659852,-0.882027388,0.0225130953,0.880986929,-0.471197844,-0.0428316072,0.0483867787,-0.000325376168,0.99882865],"scale":[2,23.0894032,6],"track":"long alt","triggerColor":[255,255,0,10],"zone":"0"}
{"name":"lapSplit8","class":"BeamNGTrigger","persistentId":"e7642e31-2637-45c4-8d6b-39c1655c3127","__parent":"SimGroup_","position":[-450.358124,-97.3055191,261.9552],"luaFunction":"onBeamNGTrigger","rotationMatrix":[0.0968133211,0.995302558,8.73114914e-11,-0.99530232,0.0968133211,-0.00069053378,-0.000687289983,6.68527791e-05,0.999999762],"scale":[2,23.0894032,6],"track":"long alt","triggerColor":[255,255,0,10],"zone":"0"}
{"name":"lapSplit13","class":"BeamNGTrigger","persistentId":"f4503147-9602-4ae6-9ee3-1b1b3d6b65fd","__parent":"SimGroup_","position":[1414.26843,798.441284,206.695938],"luaFunction":"onBeamNGTrigger","rotationMatrix":[-0.470659852,-0.882027388,0.0225130953,0.880986929,-0.471197844,-0.0428316072,0.0483867787,-0.000325376168,0.99882865],"scale":[2,23.0894032,6],"track":"long alt","triggerColor":[255,255,0,10],"zone":"0"}
{"name":"lapSplit1","class":"BeamNGTrigger","persistentId":"f8caa1e4-b7de-4261-bb11-a5e93a7524fa","__parent":"SimGroup_","position":[205.733551,296.064148,187.303528],"luaFunction":"onBeamNGTrigger","rotationMatrix":[0.214147031,-0.976801455,-3.07578593e-05,0.976801217,0.214147031,-0.000689848501,0.000680431724,0.000117684714,0.999999762],"scale":[30.7730846,2,6],"track":"long alt","triggerColor":[255,255,0,10],"zone":"0"}
{"name":"SimGroup_","class":"SimGroup","persistentId":"85bfda52-532c-448a-9c1b-373de4d2e031","groupPosition":"0 0 0"}
{"class":"TSStatic","persistentId":"0016d338-ee0b-4fe1-a116-22a5aa54cf24","__parent":"SimGroup_","position":[168.542038,282.055969,185.636734],"isRenderEnabled":false,"mode":"Ignore","rotationMatrix":[-0.992269635,-0.124053553,0.00336602936,0.124053076,-0.992275357,-0.000349129841,0.00338333938,7.11353641e-05,0.999994278],"shapeName":"/levels/italy/art/shapes/misc/concrete_road_barrier_a.dae"}
{"class":"TSStatic","persistentId":"00d4f2a2-814c-4bee-935a-46816a40fe77","__parent":"SimGroup_","position":[-1261.01038,-53.992321,346.885956],"isRenderEnabled":false,"mode":"Ignore","rotationMatrix":[-0.968544722,0.248646349,-0.00980988611,-0.248839527,-0.967735052,0.0395945534,0.000351669267,0.0407901779,0.999167681],"shapeName":"/levels/italy/art/shapes/misc/concrete_road_barrier_a.dae"}
{"class":"TSStatic","persistentId":"0218d598-292e-4c11-82f1-426d87c710c0","__parent":"SimGroup_","position":[-343.692505,-40.9179535,273.436188],"isRenderEnabled":false,"mode":"Ignore","rotationMatrix":[-0.601449966,-0.796435297,0.0628366768,0.797652543,-0.603054404,-0.00868518464,0.0448111333,0.04489813,0.997986019],"shapeName":"/levels/italy/art/shapes/misc/concrete_road_barrier_a.dae"}
{"class":"TSStatic","persistentId":"0298a4b0-356f-4f97-b4dc-bc5dc1819cb1","__parent":"SimGroup_","position":[1255.06824,628.135681,202.311096],"isRenderEnabled":false,"mode":"Ignore","rotationMatrix":[-0.422797561,-0.90574491,-0.029469328,0.905913711,-0.423280358,0.0124166515,-0.0237201061,-0.0214469377,0.999488533],"shapeName":"/levels/italy/art/shapes/misc/concrete_road_barrier_a.dae"}
{"class":"TSStatic","persistentId":"040b8d5f-6c84-4a63-88fd-550dcf3893f1","__parent":"SimGroup_","position":[-1122.86707,144.059723,288.679352],"isRenderEnabled":false,"mode":"Ignore","rotationMatrix":[-0.79347682,0.608105481,-0.0245461203,-0.608600557,-0.792807817,0.03257991,0.000351667404,0.0407901816,0.999167681],"shapeName":"/levels/italy/art/shapes/misc/concrete_road_barrier_a.dae"}
{"class":"TSStatic","persistentId":"047bbdaf-7ffc-4379-b4d4-0a02a94dfdab","__parent":"SimGroup_","position":[-1267.67114,-66.7179642,348.851044],"isRenderEnabled":false,"mode":"Ignore","rotationMatrix":[-0.968544722,0.248646349,-0.00980988611,-0.248839527,-0.967735052,0.0395945534,0.000351669267,0.0407901779,0.999167681],"shapeName":"/levels/italy/art/shapes/misc/concrete_road_barrier_a.dae"}
{"class":"TSStatic","persistentId":"0543fead-7106-4aee-b8ec-c1c16817ec16","__parent":"SimGroup_","position":[189.830917,284.71759,185.396988],"isRenderEnabled":false,"mode":"Ignore","rotationMatrix":[-0.992269635,-0.124053553,0.00336602936,0.124053076,-0.992275357,-0.000349129841,0.00338333938,7.11353641e-05,0.999994278],"shapeName":"/levels/italy/art/shapes/misc/concrete_road_barrier_a.dae"}
{"class":"TSStatic","persistentId":"0706b031-a55a-4e9c-a14b-7bbda3c18412","__parent":"SimGroup_","position":[276.290192,309.725891,181.638718],"isRenderEnabled":false,"mode":"Ignore","rotationMatrix":[-0.962769866,-0.215934083,0.162625343,0.218739495,-0.975783229,-0.000670660287,0.158831865,0.0349268876,0.98668766],"shapeName":"/levels/italy/art/shapes/misc/concrete_road_barrier_a.dae"}
{"class":"TSStatic","persistentId":"0c24effc-86bc-4bfc-868f-833c35888947","__parent":"SimGroup_","position":[-1258.27002,-54.6958199,346.913696],"isRenderEnabled":false,"mode":"Ignore","rotationMatrix":[-0.968544722,0.248646349,-0.00980988611,-0.248839527,-0.967735052,0.0395945534,0.000351669267,0.0407901779,0.999167681],"shapeName":"/levels/italy/art/shapes/misc/concrete_road_barrier_a.dae"}
{"class":"TSStatic","persistentId":"0ded703b-1346-4869-b23a-26b52854452f","__parent":"SimGroup_","position":[-339.252686,-42.4826736,273.713013],"isRenderEnabled":false,"mode":"Ignore","rotationMatrix":[0.995301187,-0.0550494976,0.0796561018,0.0638824925,0.991543174,-0.112965189,-0.0727637932,0.117523022,0.990400791],"shapeName":"/levels/italy/art/shapes/misc/concrete_road_barrier_a.dae"}
{"class":"TSStatic","persistentId":"0f133dfd-2832-4891-82c3-429aff5250a5","__parent":"SimGroup_","position":[629.842346,408.21167,171.301926],"isRenderEnabled":false,"mode":"Ignore","rotationMatrix":[-0.794405937,-0.607386589,-0.000430287095,0.607386708,-0.794405699,-0.000540081877,-1.37841271e-05,-0.000690395129,0.999999762],"shapeName":"/levels/italy/art/shapes/misc/concrete_road_barrier_a.dae"}
{"class":"TSStatic","persistentId":"0f704451-25c5-4680-835d-6e6bd410abdd","__parent":"SimGroup_","position":[802.974365,381.952698,178.294495],"isRenderEnabled":false,"mode":"Ignore","rotationMatrix":[-0.92840004,-0.371361405,-0.012814967,0.371351272,-0.928486943,0.0032494131,-0.0131052341,-0.00174209918,0.99991262],"shapeName":"/levels/italy/art/shapes/misc/concrete_road_barrier_a.dae"}
{"class":"TSStatic","persistentId":"0fa5760a-603a-413d-abb1-bb09591739c0","__parent":"SimGroup_","position":[-1258.43103,-69.0901108,348.944641],"isRenderEnabled":false,"mode":"Ignore","rotationMatrix":[-0.968544722,0.248646349,-0.00980988611,-0.248839527,-0.967735052,0.0395945534,0.000351669267,0.0407901779,0.999167681],"shapeName":"/levels/italy/art/shapes/misc/concrete_road_barrier_a.dae"}
{"class":"TSStatic","persistentId":"0fd9c5cf-988b-498b-9a4a-981a685076f6","__parent":"SimGroup_","position":[1132.58777,275.541412,250.320343],"isRenderEnabled":false,"mode":"Ignore","rotationMatrix":[0.196477711,0.974406838,0.109214485,-0.98007226,0.198489606,-0.0077582188,-0.0292376019,-0.105513766,0.993987918],"shapeName":"/levels/italy/art/shapes/misc/concrete_road_barrier_a.dae"}
{"class":"TSStatic","persistentId":"122f953e-0485-4764-a1f2-9ad6b3c05765","__parent":"SimGroup_","position":[-1274.84619,-64.8759537,348.778381],"isRenderEnabled":false,"mode":"Ignore","rotationMatrix":[-0.968544722,0.248646349,-0.00980988611,-0.248839527,-0.967735052,0.0395945534,0.000351669267,0.0407901779,0.999167681],"shapeName":"/levels/italy/art/shapes/misc/concrete_road_barrier_a.dae"}
{"class":"TSStatic","persistentId":"1243e4e5-40cd-4dd5-9b01-5a7ab4fd2cb2","__parent":"SimGroup_","position":[779.483337,389.802795,178.294495],"isRenderEnabled":false,"mode":"Ignore","rotationMatrix":[-0.728842258,0.684561431,-0.0128149632,-0.684644401,-0.728869796,0.00324941194,-0.00711601926,0.0111420043,0.99991262],"shapeName":"/levels/italy/art/shapes/misc/concrete_road_barrier_a.dae"}
{"class":"TSStatic","persistentId":"1336a76f-37a9-4759-91b8-7436b98c2f46","__parent":"SimGroup_","position":[1438.19202,823.548645,208.041962],"isRenderEnabled":false,"mode":"Ignore","rotationMatrix":[-0.993770719,0.110051692,-0.0175490119,-0.107538387,-0.988309145,-0.108074144,-0.0292375982,-0.105513752,0.993987918],"shapeName":"/levels/italy/art/shapes/misc/concrete_road_barrier_a.dae"}
{"class":"TSStatic","persistentId":"1414afa5-5edf-4ffe-b556-9918f66c4177","__parent":"SimGroup_","position":[-361.237213,-41.675518,271.972839],"isRenderEnabled":false,"mode":"Ignore","rotationMatrix":[-0.985794067,-0.110658757,-0.126349017,0.111845531,-0.993722677,-0.00231540948,-0.125299677,-0.016414091,0.991983175],"shapeName":"/levels/italy/art/shapes/misc/concrete_road_barrier_a.dae"}
{"class":"TSStatic","persistentId":"17f3cbc8-771e-4305-8a0a-12bc6124d2b4","__parent":"SimGroup_","position":[285.092682,-588.67218,346.211029],"isRenderEnabled":false,"mode":"Ignore","rotationMatrix":[0.963729441,0.266644984,-0.011224756,-0.2668809,0.962931275,-0.0392169245,0.000351670664,0.0407901816,0.999167681],"shapeName":"/levels/italy/art/shapes/misc/concrete_road_barrier_a.dae"}
{"class":"TSStatic","persistentId":"18d6fdbe-4698-4e97-afdb-ff299646fef8","__parent":"SimGroup_","position":[174.631897,282.817322,185.616089],"isRenderEnabled":false,"mode":"Ignore","rotationMatrix":[-0.992269635,-0.124053553,0.00336602936,0.124053076,-0.992275357,-0.000349129841,0.00338333938,7.11353641e-05,0.999994278],"shapeName":"/levels/italy/art/shapes/misc/concrete_road_barrier_a.dae"}
{"class":"TSStatic","persistentId":"1c288ee9-67d1-41e8-9f0e-1a24800e01d5","__parent":"SimGroup_","position":[162.533295,281.304779,185.657104],"isRenderEnabled":false,"mode":"Ignore","rotationMatrix":[-0.992269635,-0.124053553,0.00336602936,0.124053076,-0.992275357,-0.000349129841,0.00338333938,7.11353641e-05,0.999994278],"shapeName":"/levels/italy/art/shapes/misc/concrete_road_barrier_a.dae"}
{"class":"TSStatic","persistentId":"1d079d1c-1426-43a6-8cdd-acc8d42e1aa6","__parent":"SimGroup_","position":[637.490662,397.612793,171.294708],"isRenderEnabled":false,"mode":"Ignore","rotationMatrix":[-0.794405937,-0.607386589,-0.000430287095,0.607386708,-0.794405699,-0.000540081877,-1.37841271e-05,-0.000690395129,0.999999762],"shapeName":"/levels/italy/art/shapes/misc/concrete_road_barrier_a.dae"}
{"class":"TSStatic","persistentId":"1d1c6be9-a210-453d-80cb-fae20132ca9a","__parent":"SimGroup_","position":[-1252.05371,-56.2916412,346.976654],"isRenderEnabled":false,"mode":"Ignore","rotationMatrix":[-0.968544722,0.248646349,-0.00980988611,-0.248839527,-0.967735052,0.0395945534,0.000351669267,0.0407901779,0.999167681],"shapeName":"/levels/italy/art/shapes/misc/concrete_road_barrier_a.dae"}
{"class":"TSStatic","persistentId":"1d34ebea-d14b-4249-b766-4c24443e9ce3","__parent":"SimGroup_","position":[630.389709,409.066193,172.090042],"isRenderEnabled":false,"mode":"Ignore","rotationMatrix":[0.506183028,0.862425983,0,-0.862425983,0.506183028,0,0,0,1],"shapeName":"/levels/italy/art/shapes/signs/italy_traf_sign_arrow_left.dae"}
{"class":"TSStatic","persistentId":"208d8adb-78ed-4637-a7c4-b31bf9db89ab","__parent":"SimGroup_","position":[288.084839,-587.844299,346.176178],"isRenderEnabled":false,"mode":"Ignore","rotationMatrix":[0.963729441,0.266644984,-0.011224756,-0.2668809,0.962931275,-0.0392169245,0.000351670664,0.0407901816,0.999167681],"shapeName":"/levels/italy/art/shapes/misc/concrete_road_barrier_a.dae"}
{"class":"TSStatic","persistentId":"20c17ee2-00fd-4aa0-8544-155e3021a9ae","__parent":"SimGroup_","position":[632.128174,409.887421,171.303116],"isRenderEnabled":false,"mode":"Ignore","rotationMatrix":[-0.794405937,-0.607386589,-0.000430287095,0.607386708,-0.794405699,-0.000540081877,-1.37841271e-05,-0.000690395129,0.999999762],"shapeName":"/levels/italy/art/shapes/misc/concrete_road_barrier_a.dae"}
{"class":"TSStatic","persistentId":"214b4336-4c36-4b7b-9641-a51aaa94a621","__parent":"SimGroup_","position":[-456.63678,-111.364136,259.091339],"isRenderEnabled":false,"mode":"Ignore","rotationMatrix":[-0.555135131,0.831075609,-0.0337325782,-0.83175987,-0.554661155,0.022936333,0.000351669267,0.0407901742,0.999167681],"shapeName":"/levels/italy/art/shapes/misc/concrete_road_barrier_a.dae"}
{"class":"TSStatic","persistentId":"22c3ff06-206b-41c8-a705-fd7a4135ee6a","__parent":"SimGroup_","position":[-358.851715,-40.3692856,272.295776],"isRenderEnabled":false,"mode":"Ignore","rotationMatrix":[-0.601296544,-0.794043899,-0.0890900046,0.789140463,-0.607638955,0.0896237344,-0.125299722,-0.0164141022,0.991983116],"shapeName":"/levels/italy/art/shapes/misc/concrete_road_barrier_a.dae"}
{"class":"TSStatic","persistentId":"25d39fd7-38af-46ed-9a20-c083a94179b9","__parent":"SimGroup_","position":[790.968445,378.692963,178.294495],"isRenderEnabled":false,"mode":"Ignore","rotationMatrix":[-0.897720695,0.440378875,-0.012814966,-0.440450102,-0.897771358,0.00324941264,-0.0100739347,0.00856141746,0.99991262],"shapeName":"/levels/italy/art/shapes/misc/concrete_road_barrier_a.dae"}
{"class":"TSStatic","persistentId":"28b22b6c-6dc2-45ae-a8b7-cfa991578f26","__parent":"SimGroup_","position":[-910.554199,-492.356201,334.174011],"isRenderEnabled":false,"mode":"Ignore","rotationMatrix":[-0.812847137,-0.58198005,0.0240449421,0.582476437,-0.812179089,0.0329515263,0.000351673923,0.0407901779,0.999167681],"shapeName":"/levels/italy/art/shapes/misc/concrete_road_barrier_a.dae"}
{"class":"TSStatic","persistentId":"293ed704-3e0c-40ab-b104-1b73dba7bbeb","__parent":"SimGroup_","position":[639.92511,399.371918,171.295959],"isRenderEnabled":false,"mode":"Ignore","rotationMatrix":[-0.794405937,-0.607386589,-0.000430287095,0.607386708,-0.794405699,-0.000540081877,-1.37841271e-05,-0.000690395129,0.999999762],"shapeName":"/levels/italy/art/shapes/misc/concrete_road_barrier_a.dae"}
{"class":"TSStatic","persistentId":"2986d87d-1777-4d24-b6f2-2baf9d3d1801","__parent":"SimGroup_","position":[682.067505,445.452271,175.443497],"isRenderEnabled":false,"mode":"Ignore","rotationMatrix":[-0.66803205,-0.743934453,-0.0171736423,0.74391824,-0.668215632,0.00858587213,-0.0178630184,-0.0070401486,0.999815643],"shapeName":"/levels/italy/art/shapes/misc/concrete_road_barrier_a.dae"}
{"class":"TSStatic","persistentId":"29960b11-cb1b-411f-9259-b37a82d6cc2a","__parent":"SimGroup_","position":[-349.536407,-48.1394157,272.816345],"isRenderEnabled":false,"mode":"Ignore","rotationMatrix":[-0.601670861,-0.79466033,-0.0806688145,0.797652721,-0.603054881,-0.00868518278,-0.0417459384,-0.0695713162,0.996703148],"shapeName":"/levels/italy/art/shapes/misc/concrete_road_barrier_a.dae"}
{"class":"TSStatic","persistentId":"2ad0e4b0-9361-40d0-b701-134f7958a773","__parent":"SimGroup_","position":[192.082291,298.468384,185.388428],"isRenderEnabled":false,"mode":"Ignore","rotationMatrix":[-0.975777268,-0.218740463,0.00331696589,0.21873945,-0.97578299,-0.000670661102,0.00338333985,7.11353787e-05,0.999994278],"shapeName":"/levels/italy/art/shapes/misc/concrete_road_barrier_a.dae"}
{"class":"TSStatic","persistentId":"2b395573-c394-4280-bc38-f99a8e4b7691","__parent":"SimGroup_","position":[875.961182,480.253265,177.039062],"isRenderEnabled":false,"mode":"Ignore","rotationMatrix":[-0.420439482,-0.904665768,-0.069355011,0.907228291,-0.420256138,-0.0179254208,-0.0129303634,-0.0704573914,0.99743098],"shapeName":"/levels/italy/art/shapes/misc/concrete_road_barrier_a.dae"}
{"class":"TSStatic","persistentId":"2bc1c48b-cee4-4709-9f40-806764e69749","__parent":"SimGroup_","position":[183.631561,283.942474,185.585571],"isRenderEnabled":false,"mode":"Ignore","rotationMatrix":[-0.992269635,-0.124053553,0.00336602936,0.124053076,-0.992275357,-0.000349129841,0.00338333938,7.11353641e-05,0.999994278],"shapeName":"/levels/italy/art/shapes/misc/concrete_road_barrier_a.dae"}
{"class":"TSStatic","persistentId":"2d3915a9-a00c-481a-9dee-229e3a09be37","__parent":"SimGroup_","position":[-1246.33069,469.531525,323.42807],"isRenderEnabled":false,"mode":"Ignore","rotationMatrix":[-0.799527764,-0.600117564,0.0247806981,0.600628853,-0.798870921,0.0324018337,0.000351670198,0.0407901742,0.999167681],"shapeName":"/levels/italy/art/shapes/misc/concrete_road_barrier_a.dae"}
{"class":"TSStatic","persistentId":"3057b5ed-e995-49ff-8033-0ddf9380d98c","__parent":"SimGroup_","position":[-1267.4303,-52.3441772,346.820923],"isRenderEnabled":false,"mode":"Ignore","rotationMatrix":[-0.968544722,0.248646349,-0.00980988611,-0.248839527,-0.967735052,0.0395945534,0.000351669267,0.0407901779,0.999167681],"shapeName":"/levels/italy/art/shapes/misc/concrete_road_barrier_a.dae"}
{"class":"TSStatic","persistentId":"30ce8f53-6967-4ddf-8868-ad527fd7e5e3","__parent":"SimGroup_","position":[275.876495,-591.222046,346.318359],"isRenderEnabled":false,"mode":"Ignore","rotationMatrix":[0.963729441,0.266644984,-0.011224756,-0.2668809,0.962931275,-0.0392169245,0.000351670664,0.0407901816,0.999167681],"shapeName":"/levels/italy/art/shapes/misc/concrete_road_barrier_a.dae"}
{"class":"TSStatic","persistentId":"324c1bd0-8bab-478a-a868-aad466dacb6c","__parent":"SimGroup_","position":[1131.96082,272.432037,249.971832],"isRenderEnabled":false,"mode":"Ignore","rotationMatrix":[0.196477711,0.974406838,0.109214485,-0.98007226,0.198489606,-0.0077582188,-0.0292376019,-0.105513766,0.993987918],"shapeName":"/levels/italy/art/shapes/misc/concrete_road_barrier_a.dae"}
{"class":"TSStatic","persistentId":"33e33768-6ac9-4d04-963b-71bd56145244","__parent":"SimGroup_","position":[183.221237,296.43631,185.418549],"isRenderEnabled":false,"mode":"Ignore","rotationMatrix":[-0.975777268,-0.218740463,0.00331696589,0.21873945,-0.97578299,-0.000670661102,0.00338333985,7.11353787e-05,0.999994278],"shapeName":"/levels/italy/art/shapes/misc/concrete_road_barrier_a.dae"}
{"class":"TSStatic","persistentId":"34f74aab-12a3-45a0-84ed-e102544bdb04","__parent":"SimGroup_","position":[631.47113,409.375427,172.090042],"isRenderEnabled":false,"mode":"Ignore","rotationMatrix":[0.506183028,0.862425983,0,-0.862425983,0.506183028,0,0,0,1],"shapeName":"/levels/italy/art/shapes/signs/italy_traf_sign_arrow_left.dae"}
{"class":"TSStatic","persistentId":"36028210-a85e-48d0-8d55-b8d34412de31","__parent":"SimGroup_","position":[210.111679,302.322479,185.327148],"isRenderEnabled":false,"mode":"Ignore","rotationMatrix":[-0.975777268,-0.218740463,0.00331696589,0.21873945,-0.97578299,-0.000670661102,0.00338333985,7.11353787e-05,0.999994278],"shapeName":"/levels/italy/art/shapes/misc/concrete_road_barrier_a.dae"}
{"class":"TSStatic","persistentId":"3b5e4437-75c9-42fd-9177-41c118c4c4c9","__parent":"SimGroup_","position":[781.884216,387.615692,178.294495],"isRenderEnabled":false,"mode":"Ignore","rotationMatrix":[-0.728842258,0.684561431,-0.0128149632,-0.684644401,-0.728869796,0.00324941194,-0.00711601926,0.0111420043,0.99991262],"shapeName":"/levels/italy/art/shapes/misc/concrete_road_barrier_a.dae"}
{"class":"TSStatic","persistentId":"3cafc423-e29f-4cf5-972f-ba80b8ba0446","__parent":"SimGroup_","position":[213.057449,303.020142,185.317123],"isRenderEnabled":false,"mode":"Ignore","rotationMatrix":[-0.975777268,-0.218740463,0.00331696589,0.21873945,-0.97578299,-0.000670661102,0.00338333985,7.11353787e-05,0.999994278],"shapeName":"/levels/italy/art/shapes/misc/concrete_road_barrier_a.dae"}
{"class":"TSStatic","persistentId":"3e51fef6-16b5-4625-9ca0-b3df664b886e","__parent":"SimGroup_","position":[207.077667,301.799713,185.337448],"isRenderEnabled":false,"mode":"Ignore","rotationMatrix":[-0.975777268,-0.218740463,0.00331696589,0.21873945,-0.97578299,-0.000670661102,0.00338333985,7.11353787e-05,0.999994278],"shapeName":"/levels/italy/art/shapes/misc/concrete_road_barrier_a.dae"}
{"class":"TSStatic","persistentId":"413a75b8-ea0d-4f60-bf44-3f0f65723bd1","__parent":"SimGroup_","position":[171.568924,282.434387,185.62648],"isRenderEnabled":false,"mode":"Ignore","rotationMatrix":[-0.992269635,-0.124053553,0.00336602936,0.124053076,-0.992275357,-0.000349129841,0.00338333938,7.11353641e-05,0.999994278],"shapeName":"/levels/italy/art/shapes/misc/concrete_road_barrier_a.dae"}
{"class":"TSStatic","persistentId":"419cebae-3fdc-4239-9aa7-ebbf0faf9b62","__parent":"SimGroup_","position":[186.00769,297.110596,185.409073],"isRenderEnabled":false,"mode":"Ignore","rotationMatrix":[-0.975777268,-0.218740463,0.00331696589,0.21873945,-0.97578299,-0.000670661102,0.00338333985,7.11353787e-05,0.999994278],"shapeName":"/levels/italy/art/shapes/misc/concrete_road_barrier_a.dae"}
{"class":"TSStatic","persistentId":"42ccc452-1774-43cd-8529-600317b50ab9","__parent":"SimGroup_","position":[-1125.36951,145.84819,288.607208],"isRenderEnabled":false,"mode":"Ignore","rotationMatrix":[-0.79347682,0.608105481,-0.0245461203,-0.608600557,-0.792807817,0.03257991,0.000351667404,0.0407901816,0.999167681],"shapeName":"/levels/italy/art/shapes/misc/concrete_road_barrier_a.dae"}
{"class":"TSStatic","persistentId":"4335a974-e837-440e-ad41-e43f73765cf6","__parent":"SimGroup_","position":[1256.31238,631.170166,202.418808],"isRenderEnabled":false,"mode":"Ignore","rotationMatrix":[-0.420624137,-0.906023681,-0.0468602441,0.907228172,-0.420256138,-0.0179254171,-0.00345246121,-0.0500528067,0.998740613],"shapeName":"/levels/italy/art/shapes/misc/concrete_road_barrier_a.dae"}
{"class":"TSStatic","persistentId":"45d86e01-2879-4a88-806e-1ecf0a6f00b5","__parent":"SimGroup_","position":[1253.74634,625.397705,202.220398],"isRenderEnabled":false,"mode":"Ignore","rotationMatrix":[-0.420387387,-0.904391646,-0.0731414109,0.907228112,-0.420256138,-0.0179254226,-0.0145265404,-0.0738915801,0.997160494],"shapeName":"/levels/italy/art/shapes/misc/concrete_road_barrier_a.dae"}
{"class":"TSStatic","persistentId":"4af6a187-3127-4218-9140-1a38d4874de7","__parent":"SimGroup_","position":[293.857025,-586.247253,346.108948],"isRenderEnabled":false,"mode":"Ignore","rotationMatrix":[0.963729441,0.266644984,-0.011224756,-0.2668809,0.962931275,-0.0392169245,0.000351670664,0.0407901816,0.999167681],"shapeName":"/levels/italy/art/shapes/misc/concrete_road_barrier_a.dae"}
{"class":"TSStatic","persistentId":"4bf61c82-323f-4fc7-878d-da363e9fcf61","__parent":"SimGroup_","position":[165.524429,281.678711,185.646957],"isRenderEnabled":false,"mode":"Ignore","rotationMatrix":[-0.992269635,-0.124053553,0.00336602936,0.124053076,-0.992275357,-0.000349129841,0.00338333938,7.11353641e-05,0.999994278],"shapeName":"/levels/italy/art/shapes/misc/concrete_road_barrier_a.dae"}
{"class":"TSStatic","persistentId":"4e67700b-08da-4720-85bc-c9cfddcaa778","__parent":"SimGroup_","position":[627.472046,406.423828,171.300659],"isRenderEnabled":false,"mode":"Ignore","rotationMatrix":[-0.794405937,-0.607386589,-0.000430287095,0.607386708,-0.794405699,-0.000540081877,-1.37841271e-05,-0.000690395129,0.999999762],"shapeName":"/levels/italy/art/shapes/misc/concrete_road_barrier_a.dae"}
{"class":"TSStatic","persistentId":"4efce401-1e05-4287-a269-dbad10b978b1","__parent":"SimGroup_","position":[-1134.91248,496.9133,332.77301],"isRenderEnabled":false,"mode":"Ignore","rotationMatrix":[-0.0941212177,-0.994730771,0.0406421721,0.995560586,-0.0940570831,0.00348940678,0.000351671129,0.0407901779,0.999167681],"shapeName":"/levels/italy/art/shapes/misc/concrete_road_barrier_a.dae"}
{"class":"TSStatic","persistentId":"4f97ee3f-081f-407a-861b-fbd2703930b3","__parent":"SimGroup_","position":[-455.000732,-113.813385,259.190765],"isRenderEnabled":false,"mode":"Ignore","rotationMatrix":[-0.555135131,0.831075609,-0.0337325782,-0.83175987,-0.554661155,0.022936333,0.000351669267,0.0407901742,0.999167681],"shapeName":"/levels/italy/art/shapes/misc/concrete_road_barrier_a.dae"}
{"class":"TSStatic","persistentId":"5240216e-baaa-439f-b413-95459fcb4f07","__parent":"SimGroup_","position":[-1135.20996,493.749359,332.372345],"isRenderEnabled":false,"mode":"Ignore","rotationMatrix":[-0.0916489363,-0.977181494,-0.191615552,0.995560586,-0.0940569639,0.00348940492,-0.0214325711,-0.19044511,0.98146385],"shapeName":"/levels/italy/art/shapes/misc/concrete_road_barrier_a.dae"}
{"class":"TSStatic","persistentId":"5314172d-93a4-4513-8261-59079418014a","__parent":"SimGroup_","position":[1213.49158,121.979637,256.177246],"isRenderEnabled":false,"mode":"Ignore","rotationMatrix":[0.848907828,0.528088748,-0.0218575634,-0.52854079,0.848208904,-0.0344413817,0.000351672061,0.0407901704,0.999167681],"shapeName":"/levels/italy/art/shapes/misc/concrete_road_barrier_a.dae"}
{"class":"TSStatic","persistentId":"5af7d38a-b01f-4e3b-ba10-25db81fc0e0f","__parent":"SimGroup_","position":[-341.807251,-38.5883255,273.077209],"isRenderEnabled":false,"mode":"Ignore","rotationMatrix":[-0.827463984,-0.553537667,0.0943348929,0.552921712,-0.832499743,-0.0349510834,0.0978805199,0.0232390482,0.99492681],"shapeName":"/levels/italy/art/shapes/misc/concrete_road_barrier_a.dae"}
{"class":"TSStatic","persistentId":"5b0b6988-fe4b-4071-8626-b82e761df2bc","__parent":"SimGroup_","position":[267.645447,307.716949,181.744125],"isRenderEnabled":false,"mode":"Ignore","rotationMatrix":[-0.975777268,-0.218740463,0.00331696589,0.21873945,-0.97578299,-0.000670661102,0.00338333985,7.11353787e-05,0.999994278],"shapeName":"/levels/italy/art/shapes/misc/concrete_road_barrier_a.dae"}
{"class":"TSStatic","persistentId":"5b37e3de-a878-49b7-aa22-d3e9d2dacb65","__parent":"SimGroup_","position":[199.742188,286.544769,185.363342],"isRenderEnabled":false,"mode":"Ignore","rotationMatrix":[-0.975777268,-0.218740463,0.00331696589,0.21873945,-0.97578299,-0.000670661102,0.00338333985,7.11353787e-05,0.999994278],"shapeName":"/levels/italy/art/shapes/misc/concrete_road_barrier_a.dae"}
{"class":"TSStatic","persistentId":"5d22d261-0d04-4d89-8055-73c0d6680a03","__parent":"SimGroup_","position":[625.363953,405.413177,172.090042],"isRenderEnabled":false,"mode":"Ignore","rotationMatrix":[0.506183028,0.862425983,0,-0.862425983,0.506183028,0,0,0,1],"shapeName":"/levels/italy/art/shapes/signs/italy_traf_sign_arrow_left.dae"}
{"class":"TSStatic","persistentId":"5eb2c6fd-4970-49ee-8e31-73303ecb3829","__parent":"SimGroup_","position":[794.015381,378.435181,178.294495],"isRenderEnabled":false,"mode":"Ignore","rotationMatrix":[-0.92840004,-0.371361405,-0.012814967,0.371351272,-0.928486943,0.0032494131,-0.0131052341,-0.00174209918,0.99991262],"shapeName":"/levels/italy/art/shapes/misc/concrete_road_barrier_a.dae"}
{"class":"TSStatic","persistentId":"6112fc3a-a65d-4286-81fc-bdf57ede671e","__parent":"SimGroup_","position":[644.680542,403.005524,171.298538],"isRenderEnabled":false,"mode":"Ignore","rotationMatrix":[-0.794405937,-0.607386589,-0.000430287095,0.607386708,-0.794405699,-0.000540081877,-1.37841271e-05,-0.000690395129,0.999999762],"shapeName":"/levels/italy/art/shapes/misc/concrete_road_barrier_a.dae"}
{"class":"TSStatic","persistentId":"621cb1bd-08db-47ea-a3fd-272c477550d0","__parent":"SimGroup_","position":[209.02388,288.472992,185.331818],"isRenderEnabled":false,"mode":"Ignore","rotationMatrix":[-0.975777268,-0.218740463,0.00331696589,0.21873945,-0.97578299,-0.000670661102,0.00338333985,7.11353787e-05,0.999994278],"shapeName":"/levels/italy/art/shapes/misc/concrete_road_barrier_a.dae"}
{"class":"TSStatic","persistentId":"62391f06-c3a2-4e22-ad89-d4b2879e6abe","__parent":"SimGroup_","position":[1217.60266,129.92218,255.851578],"isRenderEnabled":false,"mode":"Ignore","rotationMatrix":[-0.00743925571,0.999140084,-0.0407864228,-0.999972165,-0.00741875172,0.000654833391,0.000351684168,0.040790163,0.999167681],"shapeName":"/levels/italy/art/shapes/misc/concrete_road_barrier_a.dae"}
{"class":"TSStatic","persistentId":"626f0b12-ba2c-4ebe-9ac0-57cf4a62da48","__parent":"SimGroup_","position":[1431.81482,824.387268,207.94339],"isRenderEnabled":false,"mode":"Ignore","rotationMatrix":[-0.993770719,0.110051692,-0.0175490119,-0.107538387,-0.988309145,-0.108074144,-0.0292375982,-0.105513752,0.993987918],"shapeName":"/levels/italy/art/shapes/misc/concrete_road_barrier_a.dae"}
{"class":"TSStatic","persistentId":"633d501c-9c7e-4f85-8c1a-e6d5e56a84e6","__parent":"SimGroup_","position":[-453.292694,-116.370438,259.294556],"isRenderEnabled":false,"mode":"Ignore","rotationMatrix":[-0.555135131,0.831075609,-0.0337325782,-0.83175987,-0.554661155,0.022936333,0.000351669267,0.0407901742,0.999167681],"shapeName":"/levels/italy/art/shapes/misc/concrete_road_barrier_a.dae"}
{"class":"TSStatic","persistentId":"63f4c477-2f1a-49c1-81f4-f1b2cc07797f","__parent":"SimGroup_","position":[204.058029,301.138947,185.347702],"isRenderEnabled":false,"mode":"Ignore","rotationMatrix":[-0.975777268,-0.218740463,0.00331696589,0.21873945,-0.97578299,-0.000670661102,0.00338333985,7.11353787e-05,0.999994278],"shapeName":"/levels/italy/art/shapes/misc/concrete_road_barrier_a.dae"}
{"class":"TSStatic","persistentId":"640954e7-f42c-4f7e-81bf-0ff5e293a429","__parent":"SimGroup_","position":[1217.26758,132.923706,255.729141],"isRenderEnabled":false,"mode":"Ignore","rotationMatrix":[-0.290053844,0.956218004,-0.0389346853,-0.957010269,-0.289798737,0.0121676326,0.000351686031,0.040790163,0.999167681],"shapeName":"/levels/italy/art/shapes/misc/concrete_road_barrier_a.dae"}
{"class":"TSStatic","persistentId":"66599fda-d3bc-442a-bcc3-dde9ba9dcfb2","__parent":"SimGroup_","position":[632.89624,394.407379,171.292435],"isRenderEnabled":false,"mode":"Ignore","rotationMatrix":[-0.794405937,-0.607386589,-0.000430287095,0.607386708,-0.794405699,-0.000540081877,-1.37841271e-05,-0.000690395129,0.999999762],"shapeName":"/levels/italy/art/shapes/misc/concrete_road_barrier_a.dae"}
{"class":"TSStatic","persistentId":"66af0834-b737-4f24-8c40-31bb3a02ed07","__parent":"SimGroup_","position":[635.149414,395.908173,171.293503],"isRenderEnabled":false,"mode":"Ignore","rotationMatrix":[-0.794405937,-0.607386589,-0.000430287095,0.607386708,-0.794405699,-0.000540081877,-1.37841271e-05,-0.000690395129,0.999999762],"shapeName":"/levels/italy/art/shapes/misc/concrete_road_barrier_a.dae"}
{"class":"TSStatic","persistentId":"671c1189-fd3e-4694-8b07-4f84dbd80ac1","__parent":"SimGroup_","position":[-1443.0835,-247.348633,287.609833],"isRenderEnabled":false,"mode":"Ignore","rotationMatrix":[-0.968544722,0.248646349,-0.00980988611,-0.248839527,-0.967735052,0.0395945534,0.000351669267,0.0407901779,0.999167681],"shapeName":"/levels/italy/art/shapes/misc/concrete_road_barrier_a.dae"}
{"class":"TSStatic","persistentId":"6753a3ff-3403-4b68-b2bb-761d6b16456a","__parent":"SimGroup_","position":[-1264.35376,-67.5695953,348.884644],"isRenderEnabled":false,"mode":"Ignore","rotationMatrix":[-0.968544722,0.248646349,-0.00980988611,-0.248839527,-0.967735052,0.0395945534,0.000351669267,0.0407901779,0.999167681],"shapeName":"/levels/italy/art/shapes/misc/concrete_road_barrier_a.dae"}
{"class":"TSStatic","persistentId":"679c6e12-ff67-4131-974a-79598a820ecd","__parent":"SimGroup_","position":[786.385559,383.11853,178.294495],"isRenderEnabled":false,"mode":"Ignore","rotationMatrix":[-0.728842258,0.684561431,-0.0128149632,-0.684644401,-0.728869796,0.00324941194,-0.00711601926,0.0111420043,0.99991262],"shapeName":"/levels/italy/art/shapes/misc/concrete_road_barrier_a.dae"}
{"class":"TSStatic","persistentId":"6a2cffef-4129-48a5-a22c-4e2c4be124ab","__parent":"SimGroup_","position":[684.02771,447.709076,175.62999],"isRenderEnabled":false,"mode":"Ignore","rotationMatrix":[-0.667109847,-0.743321598,-0.0493729673,0.74391824,-0.668215632,0.00858587679,-0.0393738486,-0.0310017243,0.998743534],"shapeName":"/levels/italy/art/shapes/misc/concrete_road_barrier_a.dae"}
{"class":"TSStatic","persistentId":"6ac93dd0-1c72-440e-8e90-9c82e10d66f3","__parent":"SimGroup_","position":[-1241.38721,473.242035,323.274841],"isRenderEnabled":false,"mode":"Ignore","rotationMatrix":[-0.799527764,-0.600117564,0.0247806981,0.600628853,-0.798870921,0.0324018337,0.000351670198,0.0407901742,0.999167681],"shapeName":"/levels/italy/art/shapes/misc/concrete_road_barrier_a.dae"}
{"class":"TSStatic","persistentId":"6b2727a9-6ca6-41ae-8aae-505f38b39e23","__parent":"SimGroup_","position":[-1431.02368,-250.444702,287.732025],"isRenderEnabled":false,"mode":"Ignore","rotationMatrix":[-0.968544722,0.248646349,-0.00980988611,-0.248839527,-0.967735052,0.0395945534,0.000351669267,0.0407901779,0.999167681],"shapeName":"/levels/italy/art/shapes/misc/concrete_road_barrier_a.dae"}
{"class":"TSStatic","persistentId":"711348bb-eedf-4583-abd9-ab931b5d057e","__parent":"SimGroup_","position":[628.423157,407.488251,172.090042],"isRenderEnabled":false,"mode":"Ignore","rotationMatrix":[0.506183028,0.862425983,0,-0.862425983,0.506183028,0,0,0,1],"shapeName":"/levels/italy/art/shapes/signs/italy_traf_sign_arrow_left.dae"}
{"class":"TSStatic","persistentId":"71f6983d-9226-4d80-8b0e-b8ba56fc12c0","__parent":"SimGroup_","position":[-340.498383,-48.2988739,273.757294],"isRenderEnabled":false,"mode":"Ignore","rotationMatrix":[0.930470407,-0.349515468,0.109835014,0.359068543,0.92953068,-0.0839196518,-0.0727638006,0.117523052,0.990400791],"shapeName":"/levels/italy/art/shapes/misc/concrete_road_barrier_a.dae"}
{"class":"TSStatic","persistentId":"72c756cf-10d7-49dc-8ae0-92aa358fee78","__parent":"SimGroup_","position":[854.611633,471.579193,179.570953],"isRenderEnabled":false,"mode":"Ignore","rotationMatrix":[-0.997158766,-0.0742244199,-0.0128149632,0.0741885975,-0.997238517,0.0032494124,-0.0130207669,0.00228945725,0.99991262],"shapeName":"/levels/italy/art/shapes/misc/concrete_road_barrier_a.dae"}
{"class":"TSStatic","persistentId":"7372d198-1bd5-484a-8720-54efb2c465af","__parent":"SimGroup_","position":[159.493576,280.924744,185.667404],"isRenderEnabled":false,"mode":"Ignore","rotationMatrix":[-0.992269635,-0.124053553,0.00336602936,0.124053076,-0.992275357,-0.000349129841,0.00338333938,7.11353641e-05,0.999994278],"shapeName":"/levels/italy/art/shapes/misc/concrete_road_barrier_a.dae"}
