{"name":"outOfBounds28","class":"BeamNGTrigger","persistentId":"01d96aa2-df32-4c4f-a81d-6eca8497ca3a","__parent":"multiplayer_race_track_long_unpacked","position":[859.578003,161.91687,161.087784],"luaFunction":"onBeamNGTrigger","rotationMatrix":[0.230908036,0.972975314,-0.000671872171,-0.972975552,0.230908036,-0.000159449555,1.74622983e-10,0.00069053343,0.999999762],"scale":[2,23.4148293,6],"track":"long","triggerColor":[255,0,0,10],"zone":"7"}
{"name":"outOfBounds21","class":"BeamNGTrigger","persistentId":"07309a14-6ba0-4f19-b339-43414b6f897e","__parent":"multiplayer_race_track_long_unpacked","position":[56.5015907,37.3354454,121.554787],"luaFunction":"onBeamNGTrigger","rotationMatrix":[-0.57521069,0.818004966,-0.000564859656,-0.818005204,-0.575210452,0.000397202006,-5.82076609e-11,0.000690533081,0.999999762],"scale":[2,51.8315353,6],"track":"long","triggerColor":[255,0,0,10],"zone":"0"}
{"name":"outOfBounds31","class":"BeamNGTrigger","persistentId":"193612cc-1cfd-45c9-a11b-bd952b53ebf5","__parent":"multiplayer_race_track_long_unpacked","position":[777.531128,321.039124,160.515503],"luaFunction":"onBeamNGTrigger","rotationMatrix":[-0.997708082,0.0676612854,-4.67222453e-05,-0.0676613003,-0.997707844,0.00068895088,1.45519152e-10,0.000690533314,0.999999762],"scale":[2,31.4478893,6],"track":"long","triggerColor":[255,0,0,10],"zone":"6"}
{"name":"pitExit","class":"BeamNGTrigger","persistentId":"19b497c8-fc45-4c24-8d09-1e7f40417569","__parent":"multiplayer_race_track_long_unpacked","position":[286.720856,-224.950516,143.650223],"luaFunction":"onBeamNGTrigger","rotationMatrix":[0.978852272,-0.204568371,0.000141261204,0.204568431,0.978852034,-0.000675930351,1.45519152e-10,0.000690533489,0.999999762],"scale":[2,16.7159138,6],"track":"long","triggerColor":[0,0,255,20],"zone":"0"}
{"name":"outOfBounds3","class":"BeamNGTrigger","persistentId":"19cacf3f-2cde-4898-a6c5-87634d1dbc48","__parent":"multiplayer_race_track_long_unpacked","position":[58.4266205,-163.530792,127.448357],"luaFunction":"onBeamNGTrigger","rotationMatrix":[-0.0824654102,0.996593535,-0.000688181433,-0.996593773,-0.0824654102,5.69452532e-05,0,0.00069053343,0.999999762],"scale":[2,50.8886757,6],"track":"long","triggerColor":[255,0,0,10],"zone":"1"}
{"name":"outOfBounds29","class":"BeamNGTrigger","persistentId":"2c13c913-7f7c-4431-bac9-ee8b4c316c66","__parent":"multiplayer_race_track_long_unpacked","position":[805.070129,318.543579,159.590637],"luaFunction":"onBeamNGTrigger","rotationMatrix":[-0.00150835514,0.999998629,-0.000690532615,-0.999998868,-0.00150835514,1.0417134e-06,1.45519152e-10,0.00069053343,0.999999762],"scale":[2,23.4148293,6],"track":"long","triggerColor":[255,0,0,10],"zone":"6"}
{"name":"outOfBounds9","class":"BeamNGTrigger","persistentId":"361f7962-c2b2-49da-af1a-51e7e0a05ea6","__parent":"multiplayer_race_track_long_unpacked","position":[-115.587296,-448.187164,126.080681],"luaFunction":"onBeamNGTrigger","rotationMatrix":[-0.979384184,0.202006117,-0.000139491982,-0.202006176,-0.979383945,0.00067629735,0,0.000690533197,0.999999762],"scale":[2,38.1397247,6],"track":"long","triggerColor":[255,0,0,10],"zone":"3"}
{"name":"outOfBounds14","class":"BeamNGTrigger","persistentId":"3a6296d9-a2ed-436b-a27e-c93e3abaead1","__parent":"multiplayer_race_track_long_unpacked","position":[-304.211853,-226.658249,121.805222],"luaFunction":"onBeamNGTrigger","rotationMatrix":[-0.954465032,0.298323125,-0.000206002063,-0.298323184,-0.954464793,0.00065908971,-2.18278728e-11,0.000690533256,0.999999762],"scale":[2,38.1397247,6],"track":"long","triggerColor":[255,0,0,10],"zone":"4"}
{"name":"outOfBounds5","class":"BeamNGTrigger","persistentId":"3bb7098c-69d6-4bcb-940f-f78724acd9ed","__parent":"multiplayer_race_track_long_unpacked","position":[21.4607544,-218.360229,127.486221],"luaFunction":"onBeamNGTrigger","rotationMatrix":[-0.987204075,0.159462094,-0.000110113833,-0.159462124,-0.987203836,0.000681697449,1.01863407e-10,0.000690533489,0.999999762],"scale":[2,91.4476929,6],"track":"long","triggerColor":[255,0,0,10],"zone":"1"}
{"name":"outOfBounds12","class":"BeamNGTrigger","persistentId":"3c01a28b-990a-4a56-8ce6-5fe51a7999cd","__parent":"multiplayer_race_track_long_unpacked","position":[-154.427429,-446.524689,126.079529],"luaFunction":"onBeamNGTrigger","rotationMatrix":[-0.0591666698,0.998247862,-0.000689323526,-0.9982481,-0.0591666698,4.08565975e-05,0,0.000690533256,0.999999762],"scale":[2,6.76955605,6],"track":"long","triggerColor":[255,0,0,10],"zone":"3"}
{"name":"outOfBounds30","class":"BeamNGTrigger","persistentId":"3dbc8ba9-8e9b-4f54-9b72-7c5f156969a5","__parent":"multiplayer_race_track_long_unpacked","position":[786.977112,289.127319,161.369675],"luaFunction":"onBeamNGTrigger","rotationMatrix":[0.850301147,0.526296377,-0.00036342541,-0.526296496,0.850300908,-0.000587161165,1.30967237e-10,0.000690533314,0.999999762],"scale":[2,60.0271492,6],"track":"long","triggerColor":[255,0,0,10],"zone":"6"}
{"name":"outOfBounds25","class":"BeamNGTrigger","persistentId":"3e3f8db0-bcf4-4d1f-b405-03034ad10a48","__parent":"multiplayer_race_track_long_unpacked","position":[8.53732109,-640.050842,135.21991],"luaFunction":"onBeamNGTrigger","rotationMatrix":[-0.967070818,0.254505575,0.000649217283,-0.254505455,-0.967071056,0.000235271596,0.000687717344,6.22949883e-05,0.999999762],"scale":[2,25.5626316,6],"track":"long","triggerColor":[255,0,0,10],"zone":"2"}
{"name":"outOfBounds15","class":"BeamNGTrigger","persistentId":"48e2bc62-ef4c-4ba1-99e2-1b371f6b470a","__parent":"multiplayer_race_track_long_unpacked","position":[-290.207275,-202.001877,121.7882],"luaFunction":"onBeamNGTrigger","rotationMatrix":[-0.818475366,0.574541092,-0.000396739779,-0.574541211,-0.818475127,0.000565184397,-5.82076609e-11,0.000690532965,0.999999762],"scale":[2,51.8315353,6],"track":"long","triggerColor":[255,0,0,10],"zone":"4"}
{"name":"outOfBounds13","class":"BeamNGTrigger","persistentId":"4c020d78-ff1d-4120-a72e-a1f2f8e824d6","__parent":"multiplayer_race_track_long_unpacked","position":[-310.419708,-255.742203,121.82531],"luaFunction":"onBeamNGTrigger","rotationMatrix":[-0.99445796,0.105134085,-7.25986029e-05,-0.105134115,-0.994457722,0.000686706277,-7.27595761e-12,0.000690533197,0.999999762],"scale":[2,38.1397247,6],"track":"long","triggerColor":[255,0,0,10],"zone":"4"}
{"name":"outOfBounds27","class":"BeamNGTrigger","persistentId":"4d2f0d16-11b7-4e07-b3e7-295541063396","__parent":"multiplayer_race_track_long_unpacked","position":[882.42572,142.083206,161.17128],"luaFunction":"onBeamNGTrigger","rotationMatrix":[-0.527897239,0.849308074,-0.000586487353,-0.840105712,-0.522278547,-0.146449715,-0.124687232,-0.0768176764,0.989217937],"scale":[2,61.0546074,10.8833027],"track":"long","triggerColor":[255,0,0,10],"zone":"7"}
{"name":"outOfBounds23","class":"BeamNGTrigger","persistentId":"55207296-ff02-4389-9b5d-b9cb411300a2","__parent":"multiplayer_race_track_long_unpacked","position":[155.546951,-482.114136,143.745346],"luaFunction":"onBeamNGTrigger","rotationMatrix":[0.554568887,-0.832137585,0.000574619044,0.832137823,0.554568768,-0.000382948376,5.82076609e-11,0.000690533489,0.999999762],"scale":[2,17.3149643,6],"track":"long","triggerColor":[255,0,0,10],"zone":"0"}
{"name":"outOfBounds16","class":"BeamNGTrigger","persistentId":"5a5c9901-7a00-4871-bb47-959a87065b2f","__parent":"multiplayer_race_track_long_unpacked","position":[350.7453,258.0401,121.402367],"luaFunction":"onBeamNGTrigger","rotationMatrix":[-0.780222058,0.625502527,-0.000431930297,-0.625502646,-0.78022182,0.000538769003,-1.01863407e-10,0.000690533023,0.999999762],"scale":[2,51.8315353,6],"track":"long","triggerColor":[255,0,0,10],"zone":"0"}
{"name":"outOfBounds17","class":"BeamNGTrigger","persistentId":"6268de19-3420-4b6b-b7be-b2c1773c03de","__parent":"multiplayer_race_track_long_unpacked","position":[693.421692,657.752747,132.06105],"luaFunction":"onBeamNGTrigger","rotationMatrix":[-0.539877772,0.84174341,-0.00058125332,-0.839242637,-0.53832674,-0.0766575411,-0.0648388714,-0.040897876,0.997057319],"scale":[2,51.8315353,6],"track":"long","triggerColor":[255,0,0,10],"zone":"5"}
{"name":"outOfBounds8","class":"BeamNGTrigger","persistentId":"6fbe2348-8eca-4103-9bce-f2c4083afafc","__parent":"multiplayer_race_track_long_unpacked","position":[-13.245882,-663.724243,135.226456],"luaFunction":"onBeamNGTrigger","rotationMatrix":[-0.649832368,-0.760077298,0.000524858828,0.760077536,-0.649832129,0.000448730862,2.91038305e-11,0.000690533256,0.999999762],"scale":[2,38.1397247,6],"track":"long","triggerColor":[255,0,0,10],"zone":"2"}
{"name":"outOfBounds6","class":"BeamNGTrigger","persistentId":"7175e416-0e4c-4479-8f8b-b21e625cd69c","__parent":"multiplayer_race_track_long_unpacked","position":[6.29091835,-671.918091,135.232117],"luaFunction":"onBeamNGTrigger","rotationMatrix":[-0.0289316177,-0.999581277,0.000690244313,0.999581516,-0.0289316177,1.99781789e-05,0,0.000690533314,0.999999762],"scale":[2,52.950737,6],"track":"long","triggerColor":[255,0,0,10],"zone":"2"}
{"name":"outOfBounds2","class":"BeamNGTrigger","persistentId":"837e5ebb-760d-453c-8b50-390639c49b4a","__parent":"multiplayer_race_track_long_unpacked","position":[702.027466,-201.263306,148.631866],"luaFunction":"onBeamNGTrigger","rotationMatrix":[0.452819347,0.89160192,-0.000615681289,-0.891602159,0.452819228,-0.000312686781,8.73114914e-11,0.000690533547,0.999999762],"scale":[2,23.4148293,6],"track":"long","triggerColor":[255,0,0,10],"zone":"8"}
{"name":"outOfBounds10","class":"BeamNGTrigger","persistentId":"8b29f983-b56a-4e24-9061-570ec5c1856a","__parent":"multiplayer_race_track_long_unpacked","position":[-130.769485,-410.851105,126.106293],"luaFunction":"onBeamNGTrigger","rotationMatrix":[-0.863707185,0.50399369,-0.000348024478,-0.503993809,-0.863706946,0.000596418511,-1.45519152e-11,0.000690533197,0.999999762],"scale":[2,83.1527863,6],"track":"long","triggerColor":[255,0,0,10],"zone":"3"}
{"name":"outOfBounds18","class":"BeamNGTrigger","persistentId":"a1f0d253-d803-419d-b0f3-7ead5cdcde39","__parent":"multiplayer_race_track_long_unpacked","position":[723.391113,668.887573,133.07576],"luaFunction":"onBeamNGTrigger","rotationMatrix":[-0.112183332,0.993687451,-0.000686174026,-0.993687689,-0.112183332,7.74661894e-05,2.91038305e-11,0.000690533023,0.999999762],"scale":[2,51.8315353,6],"track":"long","triggerColor":[255,0,0,10],"zone":"5"}
{"name":"pitEnter","class":"BeamNGTrigger","persistentId":"a2028ef3-4b2c-4379-84b4-23fa14d3a845","__parent":"multiplayer_race_track_long_unpacked","position":[653.322937,-194.197708,148.010651],"luaFunction":"onBeamNGTrigger","rotationMatrix":[0.727738559,0.685854435,-0.000473605789,-0.685854554,0.72773838,-0.000502527866,1.16415322e-10,0.000690533605,0.999999762],"scale":[2,16.7159138,6],"track":"long","triggerColor":[0,0,255,20],"zone":"0"}
{"name":"outOfBounds1","class":"BeamNGTrigger","persistentId":"b858b70a-6c85-4ad7-9271-bfeed7511cdc","__parent":"multiplayer_race_track_long_unpacked","position":[657.213501,-224.783234,148.648102],"luaFunction":"onBeamNGTrigger","rotationMatrix":[0.571223378,0.820794344,-0.000566786388,-0.820794582,0.571223259,-0.000394448958,5.82076609e-11,0.000690533663,0.999999762],"scale":[2,23.4148293,6],"track":"long","triggerColor":[255,0,0,10],"zone":"8"}
{"name":"outOfBounds11","class":"BeamNGTrigger","persistentId":"b9106fe2-f3e7-49b6-8b25-414382e5d17d","__parent":"multiplayer_race_track_long_unpacked","position":[-175.492661,-429.971069,126.068108],"luaFunction":"onBeamNGTrigger","rotationMatrix":[-0.675208449,-0.737626553,0.000509355799,0.737626672,-0.675208211,0.000466253841,1.16415322e-10,0.000690533081,0.999999762],"scale":[2,50.176548,6],"track":"long","triggerColor":[255,0,0,10],"zone":"3"}
{"name":"outOfBounds26","class":"BeamNGTrigger","persistentId":"b972d1e0-3b5a-4cea-a82b-c7dbf2bf1d2a","__parent":"multiplayer_race_track_long_unpacked","position":[866.212585,121.827362,153.468384],"luaFunction":"onBeamNGTrigger","rotationMatrix":[0.48370111,0.875232935,-0.000604378001,-0.875233173,0.483700991,-0.000334011653,1.16415322e-10,0.000690533547,0.999999762],"scale":[2,23.4148293,6],"track":"long","triggerColor":[255,0,0,10],"zone":"7"}
{"name":"outOfBounds7","class":"BeamNGTrigger","persistentId":"cae066ff-cec1-4ddd-a584-989c0e3921cf","__parent":"multiplayer_race_track_long_unpacked","position":[-31.9283562,-637.900452,135.208618],"luaFunction":"onBeamNGTrigger","rotationMatrix":[-0.932360649,-0.361528873,0.000249647768,0.361528933,-0.932360411,0.000643825973,7.27595761e-11,0.000690533081,0.999999762],"scale":[2,95.7307434,9.12102127],"track":"long","triggerColor":[255,0,0,10],"zone":"2"}
{"name":"outOfBounds20","class":"BeamNGTrigger","persistentId":"cc1ca2ec-d35e-4082-9c18-db8f859c9cac","__parent":"multiplayer_race_track_long_unpacked","position":[730.314575,643.490906,132.018265],"luaFunction":"onBeamNGTrigger","rotationMatrix":[0.997644961,-0.0685896799,4.73635519e-05,0.0685896948,0.997644722,-0.000688906643,-1.05501385e-10,0.000690532848,0.999999762],"scale":[2,15.5493088,6],"track":"long","triggerColor":[255,0,0,10],"zone":"5"}
{"name":"outOfBounds22","class":"BeamNGTrigger","persistentId":"cc632fa4-488c-4444-8cdb-cf2752907a94","__parent":"multiplayer_race_track_long_unpacked","position":[55.1677017,-194.039642,125.73439],"luaFunction":"onBeamNGTrigger","rotationMatrix":[0.789964497,0.613152504,-0.000423402525,-0.613152623,0.789964318,-0.000545497052,1.16415322e-10,0.000690533663,0.999999762],"scale":[2,11.5609646,6],"track":"long","triggerColor":[255,0,0,10],"zone":"1"}
{"name":"outOfBounds19","class":"BeamNGTrigger","persistentId":"d6a3d60e-0c92-44fb-b0c3-6939d0fa1fea","__parent":"multiplayer_race_track_long_unpacked","position":[756.486023,659.133301,134.579391],"luaFunction":"onBeamNGTrigger","rotationMatrix":[0.539474368,0.842001736,-0.000581430038,-0.842001975,0.539474249,-0.000372524897,-1.16415322e-10,0.000690532906,0.999999762],"scale":[2,51.8315353,6],"track":"long","triggerColor":[255,0,0,10],"zone":"5"}
{"name":"outOfBounds24","class":"BeamNGTrigger","persistentId":"dbf2a0d9-57e8-4e99-ada6-da83c1d811dd","__parent":"multiplayer_race_track_long_unpacked","position":[56.9722786,-402.80603,134.261368],"luaFunction":"onBeamNGTrigger","rotationMatrix":[0.706414223,-0.707798481,0.000488758669,0.7077986,0.706414044,-0.000487802521,-2.91038305e-11,0.000690533314,0.999999762],"scale":[2,17.3149643,6],"track":"long","triggerColor":[255,0,0,10],"zone":"0"}
{"name":"outOfBounds4","class":"BeamNGTrigger","persistentId":"e93bb823-54dc-4376-8e15-5e7ffd121709","__parent":"multiplayer_race_track_long_unpacked","position":[39.1573219,-172.107132,127.454292],"luaFunction":"onBeamNGTrigger","rotationMatrix":[-0.632004499,0.774964213,-0.000535138824,-0.774964452,-0.632004261,0.000436420378,5.82076609e-11,0.000690533372,0.999999762],"scale":[2,50.8886757,6],"track":"long","triggerColor":[255,0,0,10],"zone":"1"}
